# NOAA Paleoclimatology Program - Paleocean Site Data
# odp1143-tab.txt
# Complete Data
# File Created: 17-Apr-2006
#
#*********************************************************************************
# Please cite the contributor and the original publications when using these data
#*********************************************************************************
#
# Missing Values indicated by '-999'
#
# PI:             Jun Tian
# Core/Site:      ODP1143
# Latitude:       9.21.43N	( 9.36194)
# Longitude:      113.17.07E	( 113.2853)
# Water Depth(m): 2772
#
# Publications:
#   Tian J., P.X. Wang, X.R. Chen, Q.Y. Li. 2002. Astronomically tuned Plio-Pleistocene
#     benthic d18O records from South China Sea and Atlantic-Pacific comparison. Earth
#     and Planetary Science Letters, 203, issues 3-4, pp.1015-1029
#------------------
#
# Description & Notes:
#   South China Sea Benthic Foraminiferal Stable Isotope Data.
#   Cibicidoides wuellerstorfi studied were larger than 150 microns.
#
# Variables:
#             depth         Depth (cm)
#             yrBP          radiocarbon years B.P. (Libby half-life; B.P. = 1950)
#             d13Cc.wuell   delta C13 PDB (Cibicidoides wuellerstorfi)
#             d18Oc.wuell   delta O18 PDB (Cibicidoides wuellerstorfi)
#
# CORE: ODP1143
depth	yrBP 	d13Cc.wuell	d18Oc.wuell	
0	0	0.096	2.341	
10	3600	0.243	2.668	
80	17438.9	0.123	4.23	
90	18766.7	-0.121	4.159	
130	24077.8	-0.217	4.049	
160	28061.1	-0.129	4.037	
170	29388.9	-0.113	4.038	
180	30716.7	-0.189	3.92	
200	33372.2	-0.123	4.016	
220	35400	0.064	3.362	
230	36100	-0.002	3.755	
240	37341.7	-0.073	3.716	
250	38583.3	0.108	3.814	
270	41066.7	-0.053	3.803	
280	42308.3	-0.262	3.87	
290	43550	0.126	3.762	
300	44791.7	0.169	3.789	
310	46033.3	0.239	3.837	
320	47275	0.033	3.912	
330	48516.7	-0.219	3.736	
340	49758.3	0.066	3.469	
350	51000	-0.047	3.461	
360	52216.7	-0.026	3.645	
370	53433.3	-0.102	3.517	
380	54650	0.18	3.638	
390	55866.7	-0.259	3.639	
400	57083.3	-0.064	3.526	
410	58300	-0.196	3.565	
420	59516.7	-0.311	3.596	
430	60733.3	-0.319	3.526	
440	61950	-0.37	3.419	
450	63166.7	-0.334	3.63	
460	64383.3	-0.274	3.613	
470	65600	-0.192	3.566	
480	66816.7	-0.386	3.278	
490	68033.3	-0.331	3.708	
520	71683.3	-0.421	3.69	
530	72900	-0.629	3.215	
540	73888.9	0.312	3.525	
550	74877.8	-0.008	3.257	
560	75866.7	0.181	3.423	
570	76855.6	-0.029	3.116	
580	77844.5	0.029	3.352	
590	78833.3	0	3.195	
600	79822.2	0.039	3.137	
620	81800	-0.075	3.116	
630	87366.7	-0.152	3.165	
640	92933.3	-0.148	3.371	
650	98500	-0.591	2.752	
660	100033.3	-0.112	3.168	
670	101566.7	-0.128	3.395	
680	103100	-0.013	3.064	
690	104633.3	-0.328	2.984	
700	106166.7	-0.01	3.176	
710	107700	-0.278	2.723	
720	109233.3	-0.134	3.253	
730	110766.7	-0.151	3.289	
740	112300	-0.046	3.332	
750	113833.3	-0.086	3.277	
760	115366.7	-0.239	2.926	
770	116900	-0.211	3.012	
810	124188.9	-0.335	2.414	
820	126023.5	-0.237	3.393	
840	129717.7	-0.33	3.521	
850	131564.7	-0.345	3.389	
880	137105.9	-0.049	4.07	
890	138952.9	-0.42	4.149	
900	140800	-0.558	3.877	
910	141833.3	-0.21	4.111	
920	142866.7	-0.418	3.898	
930	143900	-0.429	3.906	
940	144933.3	-0.089	3.933	
950	145966.7	-0.398	3.954	
960	147000	-0.139	3.871	
990	151912.5	-0.561	4.039	
1020	156825	0.215	3.98	
1030	158462.5	-0.551	4.049	
1040	160100	-0.553	3.796	
1050	161337.5	-0.102	4.006	
1060	162575	0.076	4.058	
1070	163812.5	-0.451	3.942	
1080	165050	-0.503	3.767	
1090	166287.5	-0.209	3.93	
1100	167525	-0.549	3.755	
1110	168762.5	-0.229	3.856	
1120	170000	-0.528	3.615	
1130	172865.7	-0.544	3.733	
1140	175731.3	-0.173	3.937	
1150	178597	-0.447	3.671	
1170	184328.4	-0.46	3.627	
1180	187194	-0.101	3.807	
1182	187767.2	0.223	3.295	
1192	194300	0.577	2.949	
1202	204500	-0.025	3.172	
1212	206333.3	-0.044	3.064	
1222	208166.7	-0.045	3.095	
1232	210000	-0.076	2.881	
1242	213350	0.14	2.681	
1282	218635.8	-0.194	3.458	
1292	219281.1	-0.389	3.695	
1302	219926.4	0.075	3.156	
1322	221217	-0.535	3.645	
1342	222507.5	-0.07	3.426	
1352	223152.8	-0.153	3.107	
1362	223798.1	-0.051	3.721	
1392	225734	-0.525	3.619	
1412	227024.5	-0.141	3.899	
1422	227669.8	-0.221	3.919	
1432	228315.1	-0.445	3.647	
1452	229605.7	-0.363	3.669	
1472	230896.2	0.034	2.994	
1482	231541.5	-0.473	3.547	
1492	232186.8	-0.573	3.734	
1502	232832.1	-0.333	3.556	
1512	233477.4	0.007	3.474	
1522	234607.7	-0.126	2.99	
1532	236223.1	-0.076	2.907	
1562	241069.2	-0.312	3.004	
1572	242684.6	-0.433	3.157	
1582	244300	-0.259	3.609	
1592	246300	-0.134	3.558	
1602	248300	-0.434	3.669	
1622	252300	-0.446	3.841	
1641	256100	-0.351	3.667	
1650	257900	-0.42	3.696	
1660	259450	-0.429	3.718	
1670	261000	-0.468	3.623	
1690	264100	-0.513	3.546	
1700	265650	-0.618	3.681	
1710	267200	-0.568	3.714	
1730	270300	-0.581	3.767	
1740	271564.3	-0.186	3.975	
1750	272828.6	-0.507	3.911	
1760	274092.9	-0.541	3.563	
1780	276621.4	-0.865	3.758	
1790	277885.7	-0.618	3.379	
1810	280414.3	-0.235	3.448	
1820	281678.6	-0.14	3.679	
1830	282942.8	-0.145	3.403	
1850	285471.4	0.372	3.191	
1860	286735.7	-0.196	3.048	
1870	288000	-0.377	2.948	
1880	289333.3	-0.386	3.295	
1890	290666.7	-0.462	3.303	
1900	292000	-0.602	2.953	
1910	293200	-0.521	3.404	
1920	294400	-0.484	3.227	
1930	295600	-0.434	3.409	
1940	296800	-0.435	3.432	
1950	298000	-0.406	3.28	
1960	299200	-0.481	3.206	
1970	300400	-0.438	3.183	
1980	301600	-0.193	3.437	
1990	302800	-0.281	3.343	
2000	304000	-0.235	3.07	
2010	308500	-0.362	2.948	
2020	313000	-0.369	3.072	
2050	321040	-0.207	2.774	
2060	323720	0.031	2.609	
2070	326400	-0.217	2.631	
2080	327900	-0.249	2.42	
2090	329400	-0.293	2.443	
2100	330900	-0.356	2.345	
2180	340342.6	-0.477	3.875	
2200	342490.2	-0.532	3.742	
2232	345926.2	-0.216	3.903	
2242	347000	-0.574	3.755	
2252	349500	-0.606	3.956	
2262	352000	-0.543	3.768	
2272	354500	-0.493	3.764	
2292	359500	-0.087	3.663	
2302	362000	-0.391	3.536	
2312	364500	0.056	3.821	
2322	367734.3	-0.221	3.647	
2332	370968.6	-0.3	3.466	
2342	374202.9	-0.364	3.448	
2352	380126.4	-0.248	3.617	
2366	389979.7	0.095	3.407	
2376	391245.1	-0.31	3.481	
2386	392510.7	-0.241	3.519	
2396	393776.1	0.253	3.434	
2406	395041.6	0.12	3.379	
2416	396307.1	-0.12	3.354	
2426	397572.6	0.117	3.261	
2436	398838.1	0.247	3.286	
2466	402634.5	0.177	2.587	
2476	403900	-0.046	2.437	
2486	405124.5	0.134	2.443	
2496	406349	0.124	2.546	
2506	407573.5	0.026	2.427	
2512	408308.2	-0.087	2.308	
2522	409532.6	-0.15	2.476	
2532	410484.1	-0.136	3.086	
2542	411318.5	-0.278	3.18	
2552	412153	-0.368	3.608	
2562	412987.4	-0.535	3.387	
2572	413821.8	-0.517	3.895	
2582	414656.3	-0.545	4.41	
2592	415490.7	-0.581	4.235	
2602	416325.2	-0.494	4.459	
2632	418828.5	-0.487	4.362	
2652	420497.3	-0.461	4.196	
2662	421331.8	-0.394	3.351	
2676	422500	-0.48	3.717	
2686	427385.7	-0.622	3.689	
2696	432271.4	-0.5	3.843	
2706	437157.1	-0.641	3.188	
2716	439800	-0.66	3.812	
2726	440200	-0.553	3.452	
2736	440600	-0.596	3.503	
2746	441000	-0.566	3.628	
2756	443933.3	-0.46	3.626	
2766	446866.7	-0.509	3.852	
2776	449800	-0.512	3.551	
2796	456628.5	-0.769	3.203	
2856	476180	0.011	3.223	
2866	477840	0.203	3.088	
2876	479500	0.2	2.914	
2886	481250	0.242	2.769	
2896	483000	0.063	2.9	
2926	488350	0.166	3.127	
2946	492050	-0.256	3.166	
2966	497933.3	0.073	2.901	
2976	501966.7	-0.073	2.991	
3006	512083.3	0.113	3.512	
3026	518166.6	0.273	3.35	
3036	521042.4	0.175	3.138	
3046	523254.5	0.266	3.204	
3056	525466.6	-0.044	3.25	
3066	527678.8	0	3.387	
3076	529890.9	-0.089	3.346	
3086	532103	-0.448	2.692	
3096	534315.1	-0.137	3.253	
3106	535862.1	-0.181	3.551	
3116	536965.5	-0.095	2.794	
3126	538069	-0.359	3.732	
3136	539172.4	-0.172	3.591	
3146	540275.9	-0.331	3.745	
3156	541379.3	-0.415	3.683	
3166	542482.8	0.007	3.939	
3176	543586.2	-0.364	3.576	
3186	544689.6	-0.284	3.737	
3196	545793.1	-0.349	3.593	
3216	548000	-0.318	3.306	
3226	549483.3	-0.05	3.495	
3246	552450	-0.311	3.039	
3266	555416.7	-0.219	3.232	
3276	556900	0.056	2.952	
3286	558675	0	3.016	
3316	564000	-0.196	3.072	
3326	572349.9	-0.441	2.877	
3336	580700	-0.36	3.425	
3346	582759.9	-0.334	3.418	
3356	584820	-0.218	3.539	
3366	586880	-0.406	3.488	
3376	588939.9	-0.375	3.5	
3386	591000	0.153	3.284	
3396	594266.6	-0.347	3.169	
3406	597533.4	-0.208	2.894	
3416	600800	-0.204	3.427	
3426	602600	-0.134	3.395	
3446	606200	-0.186	3.057	
3456	608000	-0.455	3.095	
3466	611319.9	-0.273	2.775	
3476	614639.9	-0.027	2.599	
3486	617960	0.077	2.946	
3496	621279.9	0.009	2.917	
3506	624600	-0.582	3.248	
3516	626766.6	-0.486	3.664	
3526	628933.2	-0.273	3.824	
3546	633266.6	-0.428	4.061	
3566	637600	-0.429	4.044	
3576	639766.6	-0.371	4.119	
3586	641933.3	-0.473	4.079	
3596	644100	-0.457	4.216	
3606	646266.7	-0.474	3.924	
3616	648433.3	-0.454	4.024	
3626	650600	-0.502	3.897	
3636	655900	-0.666	3.968	
3646	661200	-0.605	3.836	
3656	666500	-0.278	3.697	
3666	667600	-0.685	3.738	
3676	668700	-0.823	3.644	
3686	669800	-0.669	3.628	
3696	670900	-0.25	3.617	
3706	672000	-0.453	3.653	
3716	673871.4	-0.702	3.67	
3756	681357.2	-0.651	3.451	
3766	683228.6	-0.429	3.426	
3776	685100	-0.596	2.89	
3786	688900.1	-0.48	3.524	
3796	692700	-0.139	3.401	
3806	696500.1	-0.213	3.133	
3816	700300	-0.211	2.882	
3826	704100	0.211	3.143	
3846	711700	-0.261	3.036	
3856	712242.4	0.023	2.991	
3874	713218.7	-0.07	3.027	
3884	713761	-0.138	3.152	
3894	714303.4	-0.166	3.102	
3904	714845.8	-0.2	3.366	
3914	715388.1	-0.207	3.478	
3924	715930.5	-0.36	3.501	
3944	717015.3	-0.39	3.805	
3964	718100	-0.727	3.77	
3974	727180.2	-0.46	3.658	
3984	736260.1	-0.517	3.63	
3994	741114.3	-0.448	3.869	
4004	741742.9	0.087	3.736	
4014	742371.4	-0.218	3.778	
4024	743000	-0.184	3.555	
4034	744900	-0.253	3.3	
4044	746800	-0.577	3.577	
4054	751325.1	-0.584	3.814	
4064	755850	-0.35	3.625	
4074	760375.1	-0.503	3.667	
4084	764900	-0.528	3.481	
4094	765800	-0.441	3.706	
4104	766700	-0.626	3.75	
4114	767600	-0.169	3.41	
4124	768500.1	-0.611	3.546	
4134	769400	-0.466	3.661	
4174	773000.1	-0.374	3.58	
4184	773900	-0.335	3.331	
4194	774800	-0.25	3.613	
4204	775700	-0.337	3.335	
4214	776600	-0.334	3.333	
4224	777500.1	-0.266	3.066	
4234	778400	-0.148	3.06	
4244	779433.3	-0.226	2.733	
4254	780466.7	-0.211	2.949	
4264	781500	-0.45	2.987	
4274	785805.7	-0.572	3.043	
4284	790111.1	-0.522	2.927	
4294	794416.6	-0.422	3.179	
4304	797946.2	-0.627	3.659	
4314	800311.5	-0.618	3.94	
4324	802676.9	-0.599	3.74	
4334	805042.3	-0.615	3.673	
4344	807407.7	-0.557	3.833	
4354	809773.1	-0.481	3.762	
4364	812138.4	0.013	3.44	
4374	814503.8	-0.436	3.584	
4384	816869.2	-0.485	3.519	
4394	819234.6	-0.422	3.477	
4404	821600	-0.495	3.149	
4414	829149.8	-0.636	3.845	
4424	836700	-0.353	3.413	
4434	839057.1	-0.471	3.102	
4444	841414.2	-0.438	3.246	
4454	843771.4	-0.545	3.338	
4464	846128.6	-0.513	3.291	
4474	848485.8	-0.296	3.45	
4484	850842.9	-0.372	3.133	
4494	853200	-0.343	2.96	
4504	855422.3	-0.316	2.782	
4534	862088.9	-0.366	2.827	
4544	863652	-0.405	3.241	
4554	864556	-0.703	2.946	
4564	865460	-0.594	3.413	
4604	869076	-0.701	3.972	
4614	869980	-0.543	3.674	
4624	870884	-0.662	4.087	
4634	871788	-0.695	3.918	
4644	872692	-0.818	3.863	
4654	873596	-0.731	3.89	
4664	874500	-0.72	3.695	
4674	876190.5	-0.205	3.718	
4686	878219.1	-0.337	3.697	
4696	879909.5	-0.689	3.687	
4706	881600	-0.688	3.725	
4716	885739.9	-0.488	3.842	
4746	898159.9	-0.488	3.679	
4756	902300	-0.628	3.476	
4766	904566.7	-0.635	3.413	
4776	906833.3	-0.763	3.352	
4786	909100	-0.681	3.495	
4796	911366.6	-0.8	3.438	
4806	913633.4	-0.847	3.452	
4816	915900	-0.772	3.49	
4826	918240	-0.85	3.651	
4846	922920	-0.618	3.744	
4866	927600	-0.712	3.154	
4876	928833.3	-0.547	3.383	
4886	930066.7	-0.573	3.178	
4896	931300	-0.425	3.177	
4916	933766.7	-0.825	3.039	
4926	935000	-0.492	2.907	
4936	940900.1	-0.197	3.01	
4946	946800	-0.326	2.77	
4956	949400	-0.136	2.8	
4966	952000	-0.305	2.673	
4976	954600	-0.382	2.578	
4986	957200	-0.576	2.836	
4996	959853	-0.714	3.474	
5016	965159.2	-0.366	3.541	
5026	967812.3	-0.251	3.312	
5036	970327.1	-0.287	3.136	
5046	971597.3	-0.317	3.133	
5056	972867.6	-0.148	3.203	
5066	974137.9	-0.43	2.677	
5076	981042.5	0.036	3.425	
5086	996400	0.081	3.26	
5096	996983.3	-0.432	3.346	
5106	997566.7	-0.067	3.444	
5116	998150	-0.123	3.259	
5126	998733.3	-0.13	3.228	
5136	999316.7	-0.289	3.401	
5146	999900	-0.357	3.121	
5166	1005540	-0.243	3.577	
5176	1008360	-0.039	3.553	
5196	1014000	-0.105	3.256	
5206	1016683	0.132	3.305	
5216	1019366	-0.07	3.278	
5226	1022049	-0.108	2.975	
5236	1024733	-0.153	3.028	
5246	1027416	-0.333	3.179	
5256	1030100	-0.118	3.129	
5266	1032223	-0.22	3.571	
5276	1034347	-0.462	3.59	
5286	1036471	-0.326	3.646	
5296	1038595	-0.464	3.518	
5306	1040719	-0.604	3.465	
5316	1042842	-0.593	3.522	
5326	1044966	-0.51	3.488	
5336	1047090	-0.2	3.556	
5346	1049214	-0.299	3.421	
5356	1051338	-0.686	3.251	
5366	1053755	-0.029	3.53	
5376	1056466	-0.257	3.455	
5386	1059177	0.139	3.259	
5396	1061888	-0.341	3.188	
5406	1064600	-0.05	2.709	
5416	1067333	-0.122	2.658	
5426	1070066	-0.131	2.586	
5436	1072800	-0.281	2.665	
5456	1074433	0.171	3.211	
5476	1076066	-0.06	3.319	
5486	1076883	-0.114	3.362	
5496	1077700	-0.035	3.375	
5506	1082357	-0.275	3.402	
5516	1087014	-0.287	3.231	
5536	1095688	-0.188	3.7	
5546	1099066	-0.263	3.68	
5566	1105822	-0.061	3.328	
5576	1109200	-0.348	3.097	
5586	1113550	0.182	3.243	
5596	1117900	-0.122	3.08	
5606	1124000	-0.456	3.514	
5616	1126399	-0.476	3.417	
5636	1130827	-0.565	3.722	
5656	1134136	-0.554	3.655	
5666	1135790	-0.498	3.665	
5676	1137445	-0.431	3.697	
5686	1139100	-0.313	3.179	
5696	1140825	-0.277	3.413	
5716	1144275	-0.149	3.426	
5726	1146000	-0.29	3.181	
5736	1147588	-0.025	3.385	
5756	1150764	0.274	3.352	
5776	1153941	0.126	3.125	
5786	1155529	0.131	3.038	
5796	1157117	0.16	2.985	
5806	1158705	0.179	3.015	
5816	1161025	0.073	2.869	
5826	1164075	0.083	2.829	
5836	1167500	0.1	3.143	
5846	1171299	0.079	3.245	
5856	1175100	0.047	3.368	
5906	1184328	-0.111	3.032	
5936	1191266	-0.545	3.543	
5946	1197000	-0.385	3.687	
5956	1201000	-0.135	3.672	
5966	1205000	-0.395	3.692	
5986	1213000	-0.363	3.744	
5996	1213685	-0.416	3.658	
6006	1214371	-0.374	3.547	
6016	1215057	-0.561	3.476	
6026	1215742	-0.614	3.253	
6036	1216428	-0.121	3.206	
6056	1217800	-0.069	2.969	
6066	1219720	-0.32	2.746	
6086	1225133	0.026	2.861	
6096	1230200	-0.11	2.838	
6106	1232309	-0.096	2.653	
6116	1234418	-0.22	2.747	
6126	1236527	-0.203	2.606	
6156	1243937	-0.241	3.411	
6166	1248212	-0.524	3.678	
6176	1252487	-0.645	3.651	
6186	1256762	-0.651	3.534	
6196	1259950	-0.462	3.112	
6206	1261923	-0.381	3.667	
6216	1263769	-0.3	3.698	
6226	1265615	-0.419	3.494	
6236	1267461	-0.287	3.568	
6246	1269307	-0.49	3.6	
6256	1271153	-0.152	3.34	
6266	1273000	-0.271	3.286	
6276	1275014	-0.019	3.067	
6286	1277028	0.069	3.112	
6296	1279042	0.025	2.989	
6306	1281057	-0.096	2.985	
6316	1283071	-0.305	2.998	
6326	1285085	-0.077	2.357	
6336	1287100	-0.399	3.249	
6346	1290220	-0.491	3.523	
6356	1293340	-0.371	3.534	
6366	1296450	-0.631	2.947	
6376	1299181	-0.343	3.628	
6386	1301545	-0.548	3.346	
6396	1303909	-0.515	-999	
6406	1306272	-0.331	3.506	
6426	1311000	-0.166	2.723	
6436	1311500	-0.029	3.297	
6466	1313000	-0.01	2.98	
6496	1320899	-0.333	3.314	
6506	1323533	-0.263	3.462	
6516	1326166	-0.333	3.472	
6526	1328800	-0.47	3.498	
6536	1331150	-0.581	3.36	
6546	1333500	-0.39	3.566	
6556	1335850	-0.484	3.586	
6566	1338200	-0.447	3.634	
6576	1340550	-0.479	3.387	
6586	1342900	-0.635	3.495	
6596	1345100	0.126	3.324	
6606	1347299	-0.171	3.454	
6616	1349500	-0.091	2.819	
6626	1352066	-0.169	2.493	
6636	1354633	0.149	2.551	
6676	1361625	-0.149	3.351	
6686	1363100	-0.233	3.584	
6696	1364575	-0.487	3.504	
6706	1366049	-0.396	3.343	
6716	1367525	-0.414	3.839	
6726	1369000	-0.417	3.299	
6736	1371285	-0.356	3.56	
6746	1373571	-0.348	3.472	
6756	1375857	-0.302	3.346	
6766	1379166	-0.276	3.082	
6786	1387833	0.07	3.051	
6796	1391939	-0.279	2.916	
6806	1395819	0.105	2.884	
6826	1404089	-0.198	3.03	
6842	1407777	-0.189	2.888	
6852	1408000	-0.251	3.059	
6862	1409166	-0.502	3.395	
6872	1410333	-0.38	3.394	
6892	1412666	-0.521	3.724	
6912	1415000	-0.379	3.302	
6922	1418019	-0.321	3.333	
6932	1421039	-0.257	3.323	
6942	1424059	-0.231	3.182	
6952	1427079	-0.132	3.022	
6962	1430100	-0.042	2.82	
6972	1433659	0.004	2.933	
6982	1437219	0.136	2.867	
7012	1447900	-0.149	2.67	
7022	1449333	-0.063	2.698	
7042	1452200	-0.311	2.616	
7052	1453439	-0.74	3.072	
7072	1455920	-0.46	3.837	
7082	1457160	-0.513	3.804	
7092	1458399	-0.265	3.664	
7102	1459639	-0.337	3.808	
7122	1462120	-0.246	3.474	
7132	1463360	0.074	3.292	
7142	1464600	0.023	3.091	
7152	1468233	-0.339	3.147	
7162	1471866	0.176	2.829	
7172	1475500	0.281	3.028	
7182	1478200	0.216	3.161	
7192	1480899	0.062	2.717	
7202	1483599	0.112	3.129	
7212	1486300	0.154	3.003	
7222	1489650	0.175	2.822	
7232	1493000	-0.391	-999	
7242	1496666	-0.291	3.672	
7252	1500333	-0.039	3.9	
7262	1504000	-0.106	3.931	
7272	1508550	-0.19	3.797	
7282	1513100	0.012	3.893	
7292	1515549	0.144	3.834	
7302	1517999	0.297	3.809	
7312	1520450	-0.04	3.544	
7322	1522900	0.11	3.24	
7332	1524233	0.272	3.315	
7342	1525566	0.214	3.149	
7352	1526899	0.141	3.038	
7362	1528233	-0.298	3.402	
7372	1529566	-0.288	3.324	
7382	1530900	-0.281	3.963	
7392	1532233	-0.436	3.746	
7402	1533566	-0.372	3.925	
7412	1534900	-0.266	3.869	
7422	1536233	-0.281	3.984	
7432	1537566	-0.325	3.837	
7442	1538900	0.092	3.81	
7452	1540233	-0.319	3.58	
7462	1541566	0.327	3.532	
7472	1542900	-0.065	3.391	
7482	1544585	-0.105	3.331	
7492	1546271	-0.078	3.319	
7502	1547957	-0.133	3.372	
7512	1549642	0.071	3.582	
7522	1551328	0.007	3.48	
7532	1553014	0.155	3.221	
7542	1554700	0.098	2.913	
7552	1557466	0.133	3.132	
7562	1560233	-0.159	3.316	
7572	1563000	-0.193	3.123	
7582	1566750	-0.21	3.244	
7592	1570499	-0.142	3.777	
7602	1574249	-0.277	3.752	
7612	1578000	-0.209	3.689	
7624	1582500	-0.268	3.416	
7634	1584458	-0.219	3.49	
7644	1586416	-0.071	3.343	
7654	1588375	-0.112	3.303	
7664	1590333	-0.046	3.094	
7684	1594249	-0.228	3.474	
7694	1596208	-0.06	3.423	
7704	1598166	0.009	3.207	
7714	1600125	-0.005	3.013	
7724	1602083	0.063	2.899	
7734	1604041	0.112	2.914	
7744	1606000	0.309	2.71	
7754	1611550	0.04	3.184	
7764	1617100	-0.558	2.475	
7784	1627866	-0.066	3.281	
7794	1630733	-0.019	3.136	
7804	1633600	-0.027	3.213	
7814	1634922	-0.032	3.011	
7824	1636244	-0.175	3.056	
7834	1637566	-0.122	2.96	
7844	1638888	0.011	3.116	
7854	1640211	0.209	3.014	
7864	1641533	0.092	3.073	
7874	1642855	0.139	3.067	
7894	1645500	0.193	2.891	
7904	1649100	-0.027	3.683	
7914	1652486	-0.028	3.514	
7924	1655872	-0.328	3.525	
7934	1659258	-0.126	3.753	
7948	1664000	-0.128	3.444	
7958	1665166	-0.103	3.534	
7968	1666333	-0.157	3.588	
7978	1667500	-0.536	3.643	
7988	1668666	-0.518	3.265	
7998	1669833	-0.026	3.68	
8008	1671000	-0.104	3.507	
8018	1672166	-0.122	3.592	
8028	1673333	-0.315	3.472	
8038	1674500	-0.118	3.355	
8048	1675666	-0.095	3.091	
8058	1676500	-0.077	2.948	
8068	1677250	-0.078	2.786	
8078	1678000	-0.066	3.135	
8088	1678750	-0.015	3.068	
8098	1679500	0.007	3.035	
8108	1681166	-0.097	3.115	
8118	1682833	-0.014	3.219	
8128	1684500	-0.337	3.21	
8138	1688933	-0.372	3.113	
8148	1693366	-0.465	3.167	
8158	1697800	-0.393	3.152	
8168	1699341	-0.602	3.72	
8178	1700882	-0.517	3.59	
8188	1702423	-0.431	3.487	
8198	1703964	-0.496	3.447	
8208	1705506	-0.432	3.528	
8218	1707047	-0.209	3.318	
8228	1708588	-0.366	3.141	
8238	1710129	-0.188	3.181	
8248	1712328	0.221	2.921	
8258	1715185	-0.33	2.951	
8268	1718043	-0.368	2.943	
8278	1720900	-0.26	3.294	
8288	1721827	-0.305	3.36	
8298	1722754	-0.402	3.263	
8308	1723681	-0.294	3.12	
8318	1724609	-0.208	3.265	
8328	1725536	-0.438	3.028	
8338	1728349	-0.405	3.174	
8348	1733050	-0.209	2.836	
8358	1737750	-0.402	2.92	
8368	1740919	-0.574	3.205	
8378	1742558	-0.489	3.01	
8388	1744197	-0.156	3.091	
8398	1745836	-0.311	3.021	
8408	1747475	-0.043	3.159	
8418	1749113	0.092	3.409	
8428	1750752	0.041	2.984	
8438	1752690	0.114	2.856	
8448	1755327	0.178	2.94	
8458	1757963	0.045	3.1	
8468	1760600	-0.107	2.682	
8478	1763499	-0.171	2.733	
8488	1766399	0.055	3.065	
8498	1769300	-0.218	3.23	
8508	1772200	-0.119	2.845	
8518	1775100	-0.187	3.097	
8528	1777999	-0.19	3.164	
8538	1780899	-0.649	3.193	
8548	1783800	-0.225	3.2	
8558	1785947	-0.527	3.356	
8568	1788094	-0.197	3.529	
8578	1790241	-0.437	3.57	
8588	1792388	-0.424	3.307	
8598	1794535	-0.293	3.143	
8608	1796682	-0.273	3.575	
8618	1798571	-0.144	3.263	
8628	1799428	-0.225	3.277	
8638	1800285	-0.54	3.073	
8648	1801142	-0.136	3.072	
8658	1802000	-0.358	2.903	
8668	1806450	-0.472	3.029	
8678	1810900	-0.207	2.73	
8688	1813400	-0.238	3.004	
8698	1815900	-0.191	2.936	
8708	1818400	-0.131	2.993	
8718	1820900	-0.146	2.968	
8728	1823400	-0.168	3.01	
8738	1825900	-0.296	2.857	
8748	1827966	-0.255	2.878	
8758	1830033	-0.495	2.761	
8768	1832100	-0.35	3.135	
8778	1834999	-0.112	3.222	
8788	1837899	-0.24	3.411	
8798	1840800	-0.245	3.333	
8808	1843700	-0.211	3.219	
8818	1846600	-0.262	2.998	
8828	1848174	-0.013	3.078	
8838	1849750	-0.194	3.14	
8848	1851325	-0.088	2.975	
8858	1852900	-0.194	3.098	
8868	1856649	-0.125	3.046	
8878	1860399	-0.053	3.21	
8888	1864149	0.187	3.145	
8898	1867900	-0.215	3.063	
8908	1870150	0.002	3.06	
8918	1872400	0.128	3.128	
8928	1874650	0.049	3.128	
8938	1876900	0.085	2.888	
8948	1879425	0.009	3.056	
8958	1881950	0.106	3.104	
8968	1884475	0.055	3.069	
8978	1887000	-0.084	2.933	
8988	1889518	-0.052	2.936	
8992	1890525	0.098	2.867	
9002	1893044	-0.017	3.034	
9012	1895563	0.047	2.931	
9022	1898081	-0.055	2.929	
9032	1900600	-0.185	3.112	
9042	1903550	-0.287	3.216	
9052	1906500	-0.413	3.128	
9062	1907442	-0.401	3.379	
9072	1908385	-0.385	3.553	
9082	1909328	-0.438	3.418	
9092	1910271	-0.37	3.589	
9102	1911214	-0.289	3.332	
9112	1912157	-0.308	3.519	
9122	1913100	-0.433	3.25	
9132	1914057	-0.227	3.309	
9142	1915014	0.017	3.335	
9152	1915971	-0.148	3.115	
9162	1916928	-0.198	3.104	
9172	1917885	-0.154	3.116	
9182	1918842	-0.12	3.08	
9192	1919800	0.011	2.883	
9202	1928266	-0.026	3.085	
9212	1936733	-0.19	2.962	
9222	1945200	-0.171	2.757	
9232	1946611	-0.056	2.862	
9242	1948022	-0.187	2.879	
9252	1949433	-0.255	2.687	
9262	1950844	-0.274	2.771	
9272	1952255	-0.326	2.799	
9282	1953666	-0.499	3.179	
9292	1955077	-0.392	3.323	
9302	1956488	-0.47	3.255	
9312	1957900	-0.284	3.226	
9322	1958600	-0.171	3.264	
9332	1959300	0.071	3.204	
9342	1960233	-0.11	3.214	
9352	1961166	-0.406	3.186	
9362	1962100	-0.077	3.101	
9372	1969499	0.006	2.883	
9382	1976899	0.028	2.784	
9392	1981121	0.06	2.67	
9402	1982164	0.149	2.605	
9412	1983207	-0.138	2.698	
9422	1984250	-0.149	2.687	
9432	1985292	-0.073	2.813	
9442	1986335	-0.352	2.894	
9452	1987378	-0.443	2.782	
9462	1989185	-0.388	3.231	
9472	1991757	-0.047	3.424	
9482	1994328	-0.234	3.196	
9492	1996900	-0.257	3.1	
9502	1999566	-0.157	3.263	
9512	2002233	-0.119	3.081	
9522	2004900	-0.1	3.037	
9532	2006900	-0.519	3.587	
9552	2010899	0	2.802	
9562	2012900	0.093	2.813	
9572	2015600	0.135	2.636	
9582	2018300	0.626	2.507	
9592	2021000	0.079	2.774	
9602	2026485	0.121	2.87	
9612	2031971	0.061	2.956	
9622	2037457	-0.033	3.115	
9632	2042520	-0.066	2.901	
9642	2047160	-0.004	3.033	
9652	2051800	-0.101	3.056	
9662	2052566	0.001	3.363	
9672	2053333	-0.064	3.185	
9682	2054100	-0.079	2.501	
9692	2055400	0	2.982	
9702	2056700	-0.01	3.013	
9712	2058000	-0.148	3.041	
9722	2059300	-0.197	2.832	
9732	2063360	-0.301	3.192	
9742	2067419	-0.437	3.32	
9752	2071480	-0.439	3.324	
9762	2075540	-0.405	3.505	
9772	2079600	-0.477	3.586	
9782	2080513	-0.543	3.505	
9792	2081427	-0.538	3.453	
9802	2082341	-0.465	3.618	
9812	2083255	-0.513	3.674	
9830	2084899	-0.511	3.321	
9840	2085379	-0.426	3.52	
9850	2085859	-0.185	3.483	
9860	2086339	-0.093	3.144	
9870	2086819	-0.387	3.38	
9880	2087300	-0.21	3.126	
9890	2087780	-0.613	3.168	
9900	2088260	-0.303	3.11	
9910	2090759	-0.262	2.923	
9920	2095279	-0.136	2.844	
9930	2099800	-0.323	3.049	
9940	2102480	-0.36	2.994	
9950	2105159	-0.316	3.092	
9960	2107839	-0.18	3.011	
9970	2110519	-0.325	2.989	
9980	2113200	-0.28	2.851	
9990	2115928	-0.321	2.982	
10000	2118657	-0.372	3.182	
10010	2121385	-0.155	2.864	
10020	2124114	-0.422	3.084	
10030	2126843	-0.081	3.213	
10040	2129571	0.116	3.03	
10050	2132300	-0.093	2.757	
10060	2134125	-0.003	2.806	
10070	2135950	-0.165	2.888	
10080	2137775	-0.25	2.852	
10090	2139600	-0.265	2.888	
10100	2145700	-0.607	3.214	
10110	2151800	-0.378	3.196	
10120	2157899	-0.493	3.319	
10130	2160640	-0.521	3.74	
10140	2163380	-0.642	3.515	
10150	2166120	-0.595	3.748	
10160	2168860	-0.24	3.592	
10170	2171600	-0.716	3.609	
10180	2172790	-0.236	3.54	
10190	2173980	-0.59	3.518	
10200	2175170	-0.452	3.623	
10210	2176360	-0.413	3.39	
10220	2177550	-0.307	3.278	
10230	2178740	-0.396	3.095	
10240	2179930	-0.223	3.268	
10250	2181120	-0.187	2.987	
10260	2182310	-0.067	2.908	
10270	2183500	-0.032	2.697	
10280	2184875	-0.164	3.018	
10290	2186250	-0.149	2.861	
10300	2187625	-0.191	3.052	
10310	2189000	-0.29	2.937	
10320	2191128	-0.237	3.117	
10330	2193257	-0.066	3.35	
10340	2195385	-0.237	3.361	
10350	2197514	-0.184	3.353	
10360	2199642	-0.392	3.087	
10370	2201771	-0.309	3.25	
10390	2204777	-0.356	2.959	
10400	2205655	-0.39	2.847	
10410	2206533	-0.45	2.93	
10420	2207411	-0.324	2.949	
10430	2208288	-0.354	2.96	
10440	2209166	-0.233	2.694	
10450	2210044	-0.19	2.707	
10460	2210922	-0.282	2.831	
10470	2211800	-0.33	2.667	
10480	2218256	-0.414	2.893	
10490	2224712	-0.353	2.823	
10508	2236332	-0.268	3.459	
10518	2242788	-0.164	3.326	
10528	2249244	-0.173	3.129	
10538	2255700	-0.036	3.036	
10548	2256262	-0.234	3.125	
10568	2257387	0.024	2.796	
10578	2257950	-0.103	2.666	
10588	2258512	-0.088	2.758	
10648	2261887	-0.301	3.438	
10658	2262450	-0.433	3.475	
10668	2263012	-0.323	3.588	
10678	2263575	-0.246	3.381	
10688	2264137	-0.086	3.321	
10698	2264700	-0.123	3.185	
10708	2273800	0.091	2.918	
10718	2282899	-0.271	2.905	
10728	2292000	-0.116	2.857	
10738	2295299	0.019	2.802	
10748	2298600	-0.161	2.73	
10758	2301900	-0.219	2.746	
10768	2305200	-0.32	2.886	
10778	2307760	-0.386	3.074	
10788	2310319	-0.227	3.097	
10798	2312880	-0.521	3.238	
10808	2315439	-0.202	3.177	
10818	2318000	-0.338	3.146	
10828	2320480	-0.254	3.163	
10838	2322960	-0.424	2.951	
10848	2325944	-0.15	3.32	
10858	2329433	-0.404	3.277	
10868	2332922	-0.093	3.016	
10888	2339899	-0.034	2.673	
10898	2341125	0.266	2.51	
10904	2341860	0.052	2.511	
10918	2343575	0.069	2.525	
10928	2344800	-0.479	2.672	
10938	2349119	-0.288	2.79	
10948	2353438	0.101	3.293	
10958	2357757	-0.249	3.301	
10970	2362940	-0.307	3.327	
10978	2365519	-0.344	2.943	
10988	2366917	-0.321	3.105	
10998	2368314	-0.198	3.054	
11008	2369712	-0.168	3.058	
11018	2371109	-0.051	3.1	
11038	2373904	-0.078	2.837	
11044	2374744	0.159	-999	
11048	2375302	-0.104	2.669	
11054	2376141	-0.104	-999	
11058	2376700	-0.044	2.354	
11064	2379420	-0.071	-999	
11068	2381233	-0.072	2.658	
11074	2383954	0.401	-999	
11078	2385766	-0.108	2.087	
11088	2390300	-0.092	2.356	
11098	2405717	-0.242	2.554	
11104	2409453	-0.022	-999	
11108	2410105	-0.038	3.024	
11114	2411084	-0.266	3.426	
11124	2416294	-0.304	3.274	
11128	2419810	0.032	2.631	
11134	2425084	-0.092	3.226	
11138	2428600	0.07	2.896	
11144	2429356	-0.117	3.122	
11154	2430616	-0.005	3.261	
11164	2431876	0.035	3.231	
11174	2433136	0.242	3.184	
11188	2434899	-0.195	2.584	
11194	2435536	0.095	2.871	
11198	2435960	0.022	2.79	
11204	2436596	0.132	2.786	
11218	2438081	-0.73	3.101	
11224	2438718	0.004	2.893	
11228	2439142	-0.171	3.272	
11234	2439778	-0.007	2.591	
11238	2440202	-0.336	3.418	
11248	2441263	-0.425	3.365	
11254	2441899	0.504	3.691	
11258	2442994	-0.226	3.573	
11264	2444635	-0.376	3.199	
11270	2446276	-0.346	3.309	
11278	2448464	-0.335	3.345	
11284	2450105	0.394	3.101	
11288	2451200	-0.196	-999	
11294	2453013	-0.066	-999	
11298	2454221	-0.206	3.393	
11304	2456034	-0.035	2.94	
11308	2457243	-0.353	3.184	
11314	2459056	0.084	2.872	
11318	2460265	-0.297	2.976	
11324	2462078	-0.038	2.894	
11328	2463287	-0.243	3.15	
11334	2465100	0.436	2.728	
11344	2468129	-0.069	2.668	
11348	2469341	-0.091	2.927	
11354	2471158	-0.154	2.882	
11358	2472370	-0.051	2.585	
11364	2474188	-0.164	3.048	
11368	2475399	0.002	2.531	
11384	2477203	-0.1	3.69	
11386	2477429	-0.104	-999	
11394	2478330	-0.312	3.657	
11396	2478555	-0.071	3.153	
11404	2479457	-0.337	3.686	
11406	2479682	0.401	2.954	
11414	2480584	-0.337	2.72	
11424	2481711	-0.266	3.095	
11434	2482838	-0.45	3.423	
11444	2483965	-0.315	3.507	
11454	2485092	-0.451	3.165	
11464	2486219	-0.556	3.572	
11474	2487345	-0.418	3.67	
11484	2488473	-0.261	3.582	
11494	2489600	-0.342	2.438	
11504	2491439	0.008	2.816	
11524	2495119	-0.046	2.858	
11534	2496960	-0.196	2.867	
11544	2498800	-0.529	2.324	
11564	2502480	-0.348	2.75	
11574	2504319	-0.571	2.976	
11584	2506159	-0.475	3.046	
11594	2508000	-0.697	2.487	
11604	2514200	-0.585	3.127	
11614	2520399	-0.816	3.582	
11624	2521549	-0.33	3.535	
11634	2522700	-0.614	3.543	
11644	2523850	-0.51	3.56	
11654	2525000	-0.687	3.533	
11664	2526150	-0.661	3.538	
11674	2527300	-0.529	3.587	
11684	2527944	-0.623	3.437	
11694	2528588	-0.551	3.313	
11704	2529233	-0.442	3.447	
11714	2529877	-0.539	3.433	
11724	2530522	-0.437	3.385	
11734	2531166	-0.542	3.225	
11744	2531811	-0.559	3.015	
11754	2532455	-0.394	3.209	
11764	2533100	-0.235	2.895	
11784	2534388	0.141	3.079	
11804	2535677	0.325	2.544	
11814	2538640	-0.096	2.534	
11824	2543920	-999	2.39	
11834	2549200	-0.096	2.735	
11844	2550836	-0.117	2.889	
11854	2552472	-0.181	2.951	
11864	2554109	-0.268	2.818	
11870	2555090	-0.361	2.888	
11880	2556727	-0.03	2.907	
11890	2558363	-0.056	2.87	
11900	2560000	-0.377	2.512	
11930	2566400	-0.39	2.097	
11940	2569900	-0.445	2.598	
11950	2573374	-0.093	2.666	
11960	2576842	0.347	2.61	
11980	2583778	-0.115	2.628	
11990	2587180	-0.433	2.125	
12000	2589990	-0.333	2.568	
12010	2592800	-0.215	2.932	
12020	2595149	-0.293	3.147	
12030	2597500	-0.842	3.173	
12040	2599125	-0.602	3.174	
12050	2600750	-0.364	3.385	
12060	2602375	-0.334	3.232	
12070	2604000	-0.274	3.191	
12080	2605625	-0.084	3.115	
12090	2607250	-0.036	2.99	
12100	2608875	-0.218	2.664	
12110	2610500	0.104	2.76	
12120	2612666	-0.069	2.581	
12130	2614833	0.387	2.669	
12140	2617000	-0.114	2.538	
12150	2623000	-0.734	2.498	
12160	2629000	-0.14	2.555	
12170	2635000	-0.079	2.636	
12180	2635800	0.053	2.779	
12190	2636600	-0.014	2.858	
12200	2637399	0.007	2.822	
12210	2638200	-0.243	2.916	
12220	2639000	-0.228	2.991	
12230	2640860	-0.304	3.077	
12240	2642720	-0.303	3.163	
12250	2644580	-0.391	3.138	
12260	2646440	-0.204	3.154	
12270	2648300	-0.233	2.78	
12280	2651046	-0.527	2.745	
12290	2653792	-0.076	2.607	
12300	2656538	0.158	2.732	
12310	2659284	-0.17	2.352	
12320	2662030	0.234	2.427	
12340	2667523	-0.048	2.621	
12350	2670269	0.157	2.433	
12360	2673015	-0.131	2.555	
12370	2675761	-0.273	2.611	
12400	2684000	-0.07	2.767	
12410	2685714	-999	3.211	
12420	2687428	-0.309	3.138	
12430	2689142	-0.376	3.193	
12440	2690857	-0.358	3.132	
12450	2692571	-0.278	3.07	
12460	2694285	-0.303	3.07	
12470	2696000	-0.288	2.866	
12480	2698260	-0.325	2.932	
12490	2700520	-0.172	2.956	
12500	2702780	-0.277	2.875	
12510	2705040	-0.629	3.015	
12520	2707300	-0.375	2.869	
12530	2710100	-0.485	3.193	
12540	2712900	-0.519	3.134	
12546	2714579	-0.358	3.199	
12550	2715700	-0.527	3.261	
12556	2716299	-0.252	3.074	
12560	2716700	-0.598	3.262	
12566	2717300	-0.342	3.074	
12570	2717700	-0.565	3.232	
12576	2718300	-0.148	2.995	
12580	2718700	-0.274	3.223	
12586	2719300	-0.204	2.936	
12590	2719700	-0.274	3.183	
12596	2720300	-0.02	2.953	
12600	2720700	-0.29	3.255	
12606	2724749	-0.174	2.759	
12610	2727450	-0.395	3.05	
12616	2731500	0.082	2.655	
12620	2734199	-0.287	3.012	
12626	2738250	0.124	2.609	
12630	2740950	-0.17	2.857	
12636	2745000	0.034	2.528	
12646	2754899	-0.013	2.521	
12656	2759866	0.005	2.58	
12666	2764833	0.313	2.57	
12676	2769800	0.009	2.476	
12686	2771399	0.123	2.59	
12696	2773000	0.21	2.557	
12706	2774600	-0.164	2.641	
12716	2776200	-0.139	2.577	
12726	2777800	-0.088	2.852	
12736	2779399	0.036	2.795	
12746	2781000	-0.156	2.714	
12756	2785999	0.163	2.547	
12766	2791000	0.123	2.6	
12776	2796000	0.307	2.591	
12786	2798000	0.167	2.43	
12796	2800000	0.271	2.512	
12806	2802000	-0.031	2.519	
12816	2804000	0.27	2.565	
12826	2805999	0.275	2.42	
12836	2808000	0.298	2.571	
12906	2813600	-0.112	2.639	
12916	2814409	-0.284	3.086	
12926	2815227	-0.385	3.041	
12936	2816045	-0.105	2.982	
12946	2816863	-0.3	2.879	
12956	2817681	-0.249	2.954	
12966	2818500	-0.097	2.81	
12976	2819318	0.178	2.551	
12986	2820136	0.117	2.732	
12996	2820954	0.108	2.48	
13006	2821772	0.075	2.575	
13026	2824888	0.163	2.199	
13036	2828666	-0.249	2.549	
13046	2832444	-0.153	2.584	
13056	2836221	0.048	2.751	
13066	2840000	-0.353	2.782	
13076	2842839	-0.129	2.874	
13086	2845679	-0.317	2.844	
13096	2848520	0.013	2.884	
13106	2851359	0.051	2.787	
13116	2854200	0.533	2.287	
13126	2860099	0.083	2.351	
13136	2865999	-0.062	2.349	
13146	2871899	-0.634	2.362	
13156	2878670	0.2	2.635	
13166	2885443	-0.163	2.671	
13176	2892214	-0.39	2.648	
13186	2900250	-0.301	2.373	
13196	2912067	-0.45	2.809	
13206	2920770	-0.174	2.769	
13216	2925722	-0.387	2.923	
13226	2930672	-0.055	2.893	
13236	2935624	-0.181	2.655	
13246	2939628	-0.132	2.668	
13256	2942685	-0.065	2.608	
13266	2945742	-0.465	2.475	
13276	2948799	-0.314	2.494	
13286	2951856	-0.171	2.59	
13296	2954914	-0.154	2.656	
13306	2957971	-0.246	2.669	
13316	2961028	-0.124	2.745	
13326	2964085	-0.526	2.678	
13336	2967142	-0.225	2.852	
13346	2970200	-0.391	2.898	
13356	2977333	-0.268	2.88	
13366	2983216	-0.147	2.818	
13376	2987849	-0.27	2.815	
13386	2992483	-0.769	2.697	
13396	3000800	-0.817	2.884	
13406	3012799	-0.404	2.859	
13416	3024800	-0.789	2.815	
13426	3026866	-0.369	2.814	
13436	3029183	-0.338	2.711	
13446	3031750	-0.456	2.573	
13456	3034316	-0.295	2.526	
13466	3036769	-0.444	2.598	
13476	3039108	-0.454	2.566	
13486	3041448	-1.052	2.559	
13496	3043787	-0.447	2.73	
13506	3046126	-0.385	2.662	
13516	3048465	-0.545	2.678	
13526	3050804	-0.253	2.652	
13536	3053143	-0.461	2.588	
13556	3057821	-0.183	2.475	
13566	3060161	-0.466	2.521	
13576	3062500	-0.572	2.054	
13586	3070399	-0.195	2.46	
13596	3078300	-0.054	2.335	
13606	3079906	-0.18	2.4	
13616	3081513	-0.204	2.428	
13626	3083119	-0.223	2.584	
13636	3084726	0.016	2.484	
13646	3086333	0.414	2.55	
13656	3087939	-0.239	2.497	
13666	3089546	-0.135	2.636	
13676	3091153	0.341	2.545	
13686	3092759	0.354	2.639	
13696	3094366	-0.255	2.6	
13706	3095973	-0.138	2.689	
13716	3097579	-0.167	2.564	
13726	3099186	-0.198	2.204	
13736	3100793	-0.105	2.609	
13746	3102399	0.23	2.565	
13756	3112932	0.2	2.696	
13766	3123467	0.171	2.673	
13776	3134000	-0.091	2.627	
13786	3135405	-0.35	2.689	
13796	3136811	-0.3	2.78	
13812	3139060	-0.853	2.639	
13822	3140466	-0.6	2.882	
13832	3141871	-0.357	2.876	
13842	3143277	-0.428	2.623	
13852	3144682	-0.525	2.482	
13882	3148899	0.101	2.275	
13892	3153599	0.273	2.002	
13902	3158300	0.337	2.277	
13912	3163000	0.198	2.307	
13922	3169220	0.089	2.514	
13932	3175440	0.34	2.541	
13942	3181660	0.34	2.533	
13952	3187880	0.303	2.44	
13962	3194100	-0.395	2.266	
13972	3202950	-0.053	2.543	
13982	3211800	-0.088	2.533	
13992	3213611	0.408	2.561	
14002	3215422	0.302	2.575	
14012	3217233	-0.144	2.416	
14022	3219044	0.118	2.423	
14032	3220855	0.618	2.466	
14042	3222666	0.186	2.582	
14052	3224477	0.763	2.554	
14062	3226288	0.656	2.474	
14072	3228100	-0.087	2.323	
14082	3234700	0.749	2.497	
14092	3241299	0.281	2.472	
14102	3247899	-0.38	1.818	
14112	3250005	0.136	2.423	
14122	3252111	-0.075	2.408	
14132	3254217	-0.066	2.396	
14142	3256323	0.08	2.464	
14162	3260535	-0.123	2.588	
14172	3262641	0.102	2.43	
14182	3264747	-0.081	2.464	
14202	3273927	0.473	2.527	
14232	3290182	0.443	2.5	
14242	3295600	-0.437	3.129	
14252	3299333	-0.2	2.209	
14272	3306800	-0.193	2.888	
14282	3310533	0.423	2.731	
14302	3318000	-0.277	2.556	
14312	3319666	0.119	2.525	
14332	3323000	0.452	2.532	
14364	3330368	-0.201	2.94	
14374	3332671	-0.509	2.895	
14394	3337277	-0.43	3.166	
14404	3339579	-0.348	2.998	
14414	3341882	-0.372	3.087	
14424	3344185	-0.212	2.97	
14434	3346488	-0.279	2.958	
14444	3348791	-0.41	2.788	
14454	3351094	-0.56	2.965	
14464	3353397	-0.203	2.868	
14474	3355700	-0.281	2.78	
14494	3363260	-0.213	2.297	
14504	3367039	-0.267	2.426	
14524	3374600	-0.235	2.435	
14544	3377557	0.27	2.566	
14554	3379036	-999	2.553	
14564	3380515	-0.364	2.73	
14574	3381994	-0.252	2.51	
14584	3383473	-0.237	2.543	
14594	3384952	-0.244	2.244	
14604	3386430	-0.275	2.625	
14614	3387909	-0.228	2.692	
14624	3389388	-0.246	2.419	
14646	3392642	-0.085	2.467	
14656	3394121	-0.26	2.409	
14666	3395600	-0.18	2.312	
14676	3402732	-0.807	2.4	
14686	3409866	-0.251	2.288	
14696	3417000	-0.481	2.248	
14706	3418877	-0.326	2.453	
14716	3420755	-0.425	2.713	
14726	3422633	-0.394	2.495	
14736	3424511	-0.336	2.677	
14746	3426388	-0.491	2.72	
14756	3428266	-0.412	2.742	
14766	3430144	-0.263	2.606	
14776	3432022	-0.316	2.534	
14786	3433899	-0.137	2.36	
14796	3443450	-0.271	2.427	
14806	3453000	-0.299	2.189	
14816	3457345	-0.226	2.405	
14826	3461690	-0.299	2.527	
14836	3466036	-0.141	2.352	
14846	3470382	-0.222	2.486	
14856	3474727	-0.138	2.255	
14866	3480975	-0.143	2.253	
14876	3489124	-0.306	2.139	
14886	3494200	-0.458	2.397	
14896	3496200	-0.331	2.311	
14906	3498200	-0.331	2.464	
14916	3500200	-0.384	2.43	
14928	3502600	-0.35	2.276	
14948	3506600	-0.212	2.273	
14958	3508600	-0.407	2.253	
14968	3510599	-0.128	2.293	
14978	3512600	-0.159	2.309	
14988	3518850	-0.164	2.372	
14998	3525100	-0.249	2.227	
15008	3531350	-0.214	2.153	
15018	3537600	-0.283	2.294	
15028	3541650	-0.281	2.654	
15038	3545700	-0.337	2.555	
15048	3549750	-0.041	2.45	
15058	3553800	0.06	2.496	
15068	3557849	-0.009	2.302	
15078	3561899	0.014	2.248	
15098	3569099	0.067	2.247	
15108	3572700	0.018	2.131	
15118	3576299	-0.048	2.255	
15128	3579899	0.003	2.338	
15138	3582687	-0.106	2.349	
15148	3585474	0.177	2.339	
15158	3588262	0.017	2.387	
15168	3591049	-0.027	2.216	
15178	3593837	-0.161	2.473	
15188	3596625	-0.007	2.331	
15198	3599412	-0.056	2.224	
15208	3602200	-0.153	2.227	
15218	3604959	0.491	2.124	
15228	3607720	-0.077	1.908	
15238	3610480	-0.191	1.998	
15248	3613239	-0.163	2.093	
15258	3616000	-0.174	2.156	
15268	3619249	-0.228	2.268	
15278	3622499	-0.269	2.507	
15288	3625750	-0.233	2.373	
15298	3628999	-0.051	2.172	
15308	3632250	0.22	2.6	
15318	3635499	0.046	2.345	
15328	3638749	0.043	2.178	
15338	3642000	-0.117	2.211	
15348	3644699	0.006	2.163	
15358	3647399	-0.156	2.184	
15368	3650099	-0.231	1.949	
15378	3652799	-0.074	2.175	
15398	3659949	-0.034	2.264	
15408	3664399	-0.087	2.489	
15418	3668849	0.033	2.499	
15428	3673300	0.02	2.367	
15438	3677750	0.118	2.365	
15448	3682200	0.323	2.13	
15458	3686333	0.072	2.202	
15468	3690466	0.029	2.186	
15478	3694600	0.021	2.256	
15488	3697762	-0.095	2.409	
15498	3700925	0.021	2.303	
15508	3704087	-0.144	2.55	
15518	3707249	-0.27	2.398	
15528	3710412	-0.094	2.632	
15538	3713575	-0.275	2.636	
15548	3716737	-0.181	2.601	
15558	3719899	-0.185	2.406	
15568	3722913	-0.071	2.316	
15578	3725928	0.005	2.212	
15588	3728942	-0.074	2.341	
15598	3731957	-0.087	2.354	
15608	3734971	-0.192	2.466	
15618	3737985	-0.228	2.075	
15628	3741000	-0.19	2.482	
15638	3745483	-0.305	2.614	
15648	3749966	-0.361	2.585	
15658	3754450	-0.186	2.484	
15668	3758932	-0.275	2.906	
15678	3763416	-0.088	2.187	
15688	3767899	-0.066	1.975	
15698	3774599	0.039	2.224	
15708	3781299	0.069	2.404	
15718	3787999	-0.146	2.803	
15728	3794700	-0.077	2.143	
15742	3796012	-0.265	2.312	
15752	3796950	-0.281	2.398	
15762	3797887	-0.453	2.396	
15772	3798825	-0.345	2.617	
15782	3799762	-0.069	2.697	
15792	3800700	-0.364	2.443	
15802	3801637	-0.209	2.24	
15812	3802575	-0.064	2.225	
15822	3803512	0.387	2.212	
15842	3805387	-0.459	2.838	
15852	3806325	-999	2.308	
15862	3807262	0.002	2.172	
15872	3808200	-0.11	2.048	
15882	3809137	-0.326	2.27	
15892	3810075	-0.135	2.367	
15902	3811012	-0.252	2.627	
15912	3811950	-0.213	2.533	
15922	3812887	0.044	2.26	
15932	3813825	-0.086	2.409	
15942	3814762	0.04	2.221	
15952	3815700	0.001	2.291	
15962	3816637	-0.12	2.272	
15982	3818512	0.026	1.958	
15992	3819450	-0.115	2.16	
16002	3820387	-0.201	2.128	
16012	3821325	-0.169	2.411	
16022	3822262	-0.042	2.331	
16032	3823200	0.067	2.147	
16042	3824137	-0.033	2.098	
16052	3825075	-0.162	2.304	
16062	3826012	0	2.06	
16072	3826950	-0.222	2.167	
16082	3827887	-0.259	2.251	
16092	3828825	-0.463	2.163	
16112	3830700	-0.634	2.418	
16122	3831637	-0.58	2.359	
16132	3832575	-0.49	2.648	
16142	3833512	-0.466	2.539	
16152	3834450	-0.259	2.4	
16162	3835387	-0.107	2.315	
16172	3836325	-0.22	1.99	
16182	3837262	-0.117	2.129	
16192	3838200	-0.15	2.023	
16202	3844500	-0.148	2.052	
16212	3850800	-0.097	2.216	
16232	3858943	-0.37	2.054	
16242	3863014	-0.602	2.374	
16252	3867085	-0.495	2.244	
16262	3871156	-0.562	2.553	
16272	3875228	-0.12	2.575	
16292	3891599	-0.215	2.206	
16302	3903899	-0.093	2.14	
16312	3907228	-0.446	2.383	
16322	3910556	-0.072	2.176	
16332	3913885	-0.127	2.252	
16342	3917214	-0.207	2.198	
16352	3920543	-0.157	2.285	
16362	3923871	-0.325	2.353	
16372	3927200	-0.223	2.195	
16382	3932750	-0.287	2.075	
16392	3938300	-0.308	2.246	
16402	3943437	-0.573	2.372	
16412	3948574	-0.67	2.407	
16422	3953711	-0.615	2.424	
16432	3958848	-0.265	2.406	
16450	3968094	-0.374	2.134	
16460	3973232	-0.435	2.259	
16470	3977461	-0.379	2.374	
16480	3980784	-0.262	2.455	
16490	3984107	-0.234	2.25	
16500	3987430	-0.07	2.271	
16510	3990753	0.072	1.732	
16520	3994076	-0.931	2.939	
16530	3997399	-0.702	2.939	
16540	4000940	-0.479	-999	
16550	4004480	0.007	2.308	
16560	4008020	0.047	2.379	
16570	4011559	-0.169	2.428	
16580	4015100	-0.258	2.515	
16590	4020159	-0.226	2.569	
16600	4025220	-0.276	2.49	
16610	4030280	-0.359	2.506	
16620	4035339	-0.429	2.507	
16630	4040399	-0.222	2.611	
16640	4044166	-0.174	2.425	
16650	4047933	-0.341	2.56	
16660	4051700	0.159	2.024	
16670	4055466	-0.127	2.348	
16680	4059233	-0.056	2.362	
16690	4063000	-0.095	2.268	
16700	4069923	-0.278	2.281	
16712	4078230	-0.26	2.302	
16722	4085154	-0.357	2.314	
16732	4092077	-0.399	2.46	
16742	4099000	-0.353	2.383	
16752	4100399	-0.302	2.417	
16762	4101799	-0.193	2.389	
16772	4103200	-0.174	2.201	
16782	4104600	0.028	2.24	
16792	4106000	0.086	2.185	
16802	4119501	-0.018	2.285	
16812	4133000	0.045	2.071	
16822	4137226	-0.309	2.163	
16833	4141874	-0.185	2.251	
16843	4146100	-0.124	2.24	
16853	4156049	-0.171	2.342	
16863	4166000	-0.051	2.314	
16873	4181851	-0.167	2.183	
16883	4197704	-0.29	2.326	
16893	4210169	-0.199	2.356	
16903	4214735	-0.203	2.192	
16913	4219302	-0.322	2.291	
16923	4223868	-0.175	2.307	
16933	4228434	-0.188	2.113	
16943	4233000	-0.217	2.367	
16953	4237762	-0.26	2.435	
16963	4242523	-0.348	2.41	
16973	4247285	-0.217	2.314	
16985	4253000	0.02	2.353	
16995	4269307	-0.271	2.105	
17005	4280294	-0.271	2.208	
17015	4289000	-0.205	2.314	
17025	4294286	-0.128	2.244	
17035	4299571	-0.056	2.263	
17045	4304856	-0.138	2.224	
17055	4310143	-0.172	2.149	
17065	4315428	-0.234	2.062	
17075	4320363	-0.264	2.336	
17085	4324772	-0.176	2.431	
17095	4329181	-0.141	2.297	
17105	4333591	-0.114	2.341	
17115	4338000	-0.175	2.036	
17125	4345113	-0.149	2.31	
17135	4352228	-0.264	1.985	
17145	4359340	-0.077	2.276	
17155	4366455	-0.162	2.214	
17159	4369299	-0.205	2.339	
17169	4377100	-0.218	2.178	
17179	4384899	-0.221	2.239	
17199	4401399	-0.319	2.191	
17209	4410299	-0.558	2.512	
17219	4419200	-0.312	2.389	
17229	4428100	-0.135	2.15	
17239	4433767	-0.327	2	
17249	4439434	-0.299	2.187	
17259	4445100	-0.276	1.943	
17269	4451000	-0.237	2.344	
17279	4456899	-0.254	2.163	
17289	4463289	-0.142	2.185	
17299	4469678	-0.186	2.202	
17309	4476066	-0.315	2.362	
17319	4481893	-0.361	2.366	
17329	4486874	-0.387	2.353	
17339	4491855	-0.452	2.525	
17349	4496837	-0.307	2.487	
17359	4501818	-0.08	2.332	
17369	4506799	-0.145	2.195	
17379	4512166	-0.076	2.262	
17389	4517532	-0.318	2.172	
17399	4522899	-0.261	2.181	
17419	4527911	-0.14	2.471	
17439	4532923	-0.235	2.247	
17449	4535429	-0.273	2.232	
17479	4542947	-0.345	2.504	
17489	4547566	-0.485	2.119	
17499	4554300	-0.171	2.33	
17509	4561033	-0.304	2.259	
17519	4565273	-0.9	2.674	
17539	4568769	-0.221	2.346	
17559	4572265	-0.248	2.283	
17569	4574013	-0.394	2.273	
17579	4575760	-0.388	2.261	
17589	4577508	-0.093	2.318	
17599	4579256	-0.205	2.171	
17609	4581004	-0.107	2.198	
17619	4582752	-0.158	2.376	
17629	4584500	-0.185	2.298	
17639	4590867	0.005	2.412	
17649	4597233	-0.467	1.985	
17659	4603600	-0.1	2.285	
17667	4605830	-0.257	2.433	
17677	4608619	-0.323	2.409	
17687	4611406	-0.282	2.396	
17697	4614194	-0.238	2.64	
17707	4616983	-0.112	2.376	
17717	4619771	-0.202	2.464	
17727	4622559	-0.125	2.242	
17737	4625347	0.027	2.352	
17757	4630923	-0.012	2.358	
17767	4633711	0.008	2.312	
17777	4636500	-0.025	2.326	
17787	4638179	0.131	2.344	
17797	4639859	-0.064	2.252	
17807	4641540	0.09	2.213	
17817	4643219	-0.232	2.346	
17827	4644899	-0.038	2.296	
17837	4648137	-0.024	2.324	
17847	4651374	-0.147	2.345	
17857	4654612	-0.277	2.379	
17867	4657849	0.001	2.308	
17877	4661087	-0.106	2.406	
17887	4664324	-0.198	2.166	
17897	4667562	-0.028	2.352	
17907	4670799	0.019	2.204	
17917	4673039	-0.003	2.337	
17927	4675279	-0.035	2.092	
17937	4677519	-0.12	2.304	
17947	4679759	-0.121	2.346	
17957	4682000	-0.194	2.052	
17967	4688019	-0.24	2.168	
17977	4694040	-0.255	2.503	
17987	4700059	-0.269	2.334	
17997	4706079	-0.062	2.249	
18007	4712100	-0.056	2.219	
18017	4714799	-0.051	2.095	
18027	4717500	-0.1	2.311	
18037	4720199	-0.163	2.257	
18047	4722899	-0.106	2.247	
18057	4725377	-0.084	2.263	
18067	4727853	-0.284	2.219	
18077	4730330	-0.209	2.528	
18087	4732807	-0.229	2.223	
18107	4737761	0.113	2.21	
18117	4740238	-0.198	2.458	
18127	4742715	-0.257	2.371	
18137	4745192	-0.01	2.4	
18147	4747669	-0.134	2.304	
18157	4750146	0.024	2.196	
18167	4752623	0.07	2.041	
18177	4755100	-0.049	2.111	
18187	4755950	-0.015	2.252	
18197	4756799	-0.248	2.125	
18207	4757649	0.018	2.49	
18217	4758500	-0.027	2.072	
18227	4761695	-0.05	2.282	
18237	4764890	-0.131	2.032	
18247	4768085	-0.375	2.442	
18257	4771280	-0.271	2.247	
18267	4774475	-0.181	2.541	
18277	4777670	-0.277	2.404	
18287	4780865	0.059	2.375	
18289	4781504	-0.135	2.226	
18299	4784700	-0.107	2.307	
18309	4789366	-0.139	2.155	
18319	4794033	-0.157	2.268	
18329	4798700	-0.126	2.302	
18339	4801550	-0.162	2.116	
18359	4807250	-0.268	2.475	
18369	4810100	-0.289	2.581	
18379	4812950	-0.346	2.471	
18399	4818650	-0.253	2.403	
18409	4821500	-0.201	2.421	
18419	4824350	-999	2.822	
18429	4827200	-0.106	2.218	
18439	4832233	-0.017	2.307	
18449	4837267	-0.101	2.319	
18459	4842299	-0.064	2.283	
18469	4847186	-0.186	2.286	
18479	4852071	-999	2.821	
18489	4856957	-0.792	2.769	
18499	4861843	-0.246	2.377	
18509	4866728	-0.383	2.309	
18529	4876500	-0.707	2.361	
18539	4878477	-0.284	2.51	
18547	4880058	-0.519	2.183	
18557	4882035	-0.16	2.093	
18567	4884011	-0.036	2.034	
18577	4886307	-1.007	2.844	
18597	4891538	-0.231	2.338	
18607	4894154	-0.088	2.205	
18617	4896769	-0.473	2.315	
18627	4899384	-0.072	2.31	
18637	4902000	-0.01	2.295	
18647	4908100	-0.201	2.222	
18657	4914200	-0.167	2.212	
18667	4920299	-0.362	1.984	
18677	4926399	-0.304	2.174	
18687	4929799	-0.319	2.325	
18697	4933199	-0.567	2.495	
18717	4940000	-0.683	2.417	
18727	4943400	-0.285	2.444	
18737	4946799	-0.311	2.378	
18747	4950200	-0.326	2.179	
18757	4953000	-0.274	2.243	
18767	4955799	-0.432	1.755	
18777	4958600	-0.316	2.2	
18787	4961399	-0.154	2.081	
18797	4964199	-0.14	2.05	
18807	4967000	-0.013	1.946	
18817	4968985	0.059	2.187	
18827	4970971	-0.366	2.335	
18837	4972957	-0.311	2.42	
18847	4974942	-0.313	2.266	
18857	4976928	-0.07	2.217	
18867	4978914	-0.115	2.23	
18877	4980899	-0.388	2.242	
18887	4982885	-0.207	2.279	
18897	4984871	-0.25	2.312	
18907	4986856	-0.313	2.419	
18917	4988842	-0.179	2.48	
18927	4990828	0.005	2.228	
18937	4992814	-0.234	2.334	
18947	4994800	0.037	2.317	
18957	4996784	-0.075	2.199	
18977	5000755	-0.529	2.028	
18987	5002741	-0.154	2.116	
18997	5004726	-0.254	2.231	
19007	5006711	-0.162	2.329	
19017	5008697	-0.292	2.414	
19027	5010682	-0.245	2.463	
19037	5012668	-0.165	2.557	
19047	5014653	-0.146	2.508	
19057	5016638	-0.132	2.271	
19077	5020609	-0.103	2.31	
